7.11658e-09
4.14393e-09
5.43966e-09
6.85859e-09
5.27373e-09
4.3065e-09
3.66058e-09
4.33479e-09
5.70777e-09
2.01928e-09
2.53182e-09
3.32559e-09
5.37291e-09
4.87014e-09
2.24546e-09
2.15001e-09
4.64589e-09
1.23283e-09
6.3807e-10
2.24258e-09
2.79486e-09
3.1048e-09
2.09545e-09
2.5573e-09
2.75015e-09
8.74674e-10
2.24728e-09
2.25228e-09
1.37887e-09
3.52525e-09
2.15195e-09
1.84139e-09
2.41822e-09
2.46369e-09
2.96989e-09
3.98069e-09
3.70871e-09
2.34424e-09
1.23446e-09
1.04696e-09
1.65718e-09
3.20716e-09
2.50101e-09
1.15376e-09
2.56833e-09
1.09685e-09
2.31998e-09
1.29216e-09
3.55281e-09
3.35144e-09
7.55794e-10
3.29276e-09
1.68583e-09
2.5262e-09
3.69677e-09
2.35018e-09
1.62079e-09
2.75121e-09
2.51255e-09
1.55037e-09
1.24234e-09
2.54097e-09
1.51309e-09
2.6183e-09
2.26198e-09
1.02119e-09
2.14711e-09
1.80215e-10
1.88545e-09
2.02589e-09
1.88894e-09
1.90683e-09
2.96376e-09
2.0358e-09
2.16381e-09
1.95946e-09
9.96931e-10
2.65669e-09
1.85301e-09
2.02392e-09
2.02145e-09
1.64526e-09
1.7025e-09
1.90438e-09
3.19098e-09
2.09563e-09
3.69935e-09
1.79371e-09
1.46735e-10
6.1967e-10
2.94188e-09
2.3676e-09
2.18297e-09
2.26467e-09
2.73921e-09
2.13647e-09
2.15898e-09
1.51151e-09
1.17109e-09
1.58078e-09
1.51208e-09
1.27037e-09
1.68996e-09
9.53844e-10
3.24766e-09
5.66712e-10
2.0963e-09
1.79988e-09
2.4407e-09
1.45475e-09
2.51224e-09
2.17971e-09
1.28443e-09
2.70024e-09
8.20438e-10
2.23814e-10
3.19685e-09
1.13425e-09
1.81524e-09
1.5082e-09
8.74266e-10
1.94557e-09
2.23554e-09
1.69546e-09
1.64397e-09
2.1203e-09
1.68645e-09
2.86695e-09
2.17202e-09
2.8001e-09
1.63206e-09
1.83964e-09
2.01237e-09
2.62714e-09
2.80471e-10
1.97191e-09
1.43125e-09
4.3871e-10
1.02343e-09
2.23485e-09
2.42695e-09
2.41659e-09
6.61979e-10
2.93509e-09
1.32795e-09
8.54616e-10
1.82525e-09
1.12885e-09
1.08385e-09
1.70798e-09
1.42001e-09
1.16884e-09
1.36871e-09
2.19978e-09
2.15387e-09
1.85596e-09
1.08892e-09
1.63305e-09
2.12884e-09
2.48164e-09
6.14569e-10
1.21547e-09
1.60608e-09
1.64241e-09
1.53171e-09
5.26169e-10
9.37428e-10
4.3658e-10
2.34933e-09
1.60891e-09
1.54267e-09
2.45515e-09
1.98308e-09
1.68941e-09
1.78064e-09
1.33033e-09
3.54738e-10
1.11496e-09
1.32859e-09
1.91071e-09
1.14605e-09
1.01017e-09
2.47489e-09
5.50498e-10
1.17697e-09
3.04172e-10
1.16969e-09
1.34005e-09
1.17841e-09
7.54647e-10
7.48093e-10
1.0377e-09
2.02068e-09
1.43238e-09
1.66043e-09
1.08445e-09
1.73304e-09
5.95171e-10
2.54257e-09
1.58019e-09
1.77648e-09
2.02248e-09
8.09254e-10
1.87378e-09
1.5157e-09
8.08045e-10
1.19385e-09
1.42197e-09
6.19402e-10
1.29706e-09
1.69391e-09
8.12287e-10
1.00686e-09
1.3836e-09
1.48351e-09
8.46267e-10
1.03333e-09
9.4204e-10
2.05924e-09
6.3021e-10
1.05657e-09
1.98979e-09
1.85239e-09
8.76764e-10
1.78222e-09
4.32621e-10
1.25921e-09
1.4564e-09
2.01209e-09
2.27728e-09
5.39247e-10
9.24508e-10
6.61271e-10
1.24719e-09
1.11059e-09
8.58659e-10
1.28342e-09
5.64932e-10
1.54017e-09
7.46365e-10
2.129e-09
1.83041e-09
1.32722e-09
7.83362e-10
2.01544e-09
1.4596e-09
2.98236e-10
1.30397e-09
2.61852e-10
1.66408e-09
1.90075e-09
1.04994e-09
5.44793e-10
8.35571e-10
2.54153e-09
1.5731e-09
3.42205e-10
2.2805e-09
6.49802e-10
2.04118e-09
2.69876e-09
1.72068e-09
1.36899e-09
6.09993e-10
1.38882e-09
2.35754e-09
6.03859e-10
9.20856e-10
1.15232e-09
2.53653e-10
6.11074e-10
1.93095e-09
1.47751e-09
1.55393e-09
2.01261e-09
1.16545e-09
1.40008e-09
1.63707e-09
6.23169e-10
1.92985e-09
1.45696e-09
1.69157e-09
2.11938e-09
8.30797e-10
1.4799e-09
9.23122e-10
6.18879e-10
5.08195e-10
1.27742e-09
1.87956e-09
2.13189e-09
9.50124e-10
1.6599e-09
1.30002e-09
2.16093e-09
1.26142e-09
6.83021e-10
1.00478e-09
2.07783e-09
1.90224e-09
1.55874e-09
1.24489e-09
2.51571e-09
1.35414e-09
2.33602e-09
